51197.150879 62.04093202693051267715 0.00000000450901124065 -199255.853812 1.714496 1.046767 0.386555 0.000000 0.000000 51197.149879 51262.693953 11 89.562 0.662 
51203.458942 62.04082342940137806409 0.00000000394079298169 -199244.787554 12.102669 1.046767 0.386555 0.000000 0.000000 51197.149879 51220.458971 6 47.817 0.254 
51204.720555 62.04080171226306106291 0.00000000449703542801 -199245.706192 13.509243 1.046767 0.386555 0.000000 0.000000 51197.455747 51220.458971 5 46.270 0.302 
51232.210680 62.04032849596834608974 0.00000000137260546982 -199225.003066 2.289186 1.046767 0.386555 0.000000 0.000000 51198.346764 51262.693953 9 97.868 0.813 
51262.692953 62.03980384169913264714 0.00000000537011885648 -199196.577101 1.714496 1.046767 0.386555 0.000000 0.000000 51197.149879 51262.693953 11 89.563 0.662 
51294.143021 62.03930473425700853340 0.00000000139227838541 -199279.737681 0.123196 0.488868 0.006968 0.000000 0.000000 51294.142021 51546.688711 33 208.551 3.378 
51309.847392 62.03903438136590153817 0.00000000995798111647 -199306.538001 19.381008 0.488868 0.006968 0.000000 0.000000 51294.142021 51319.323444 5 78.349 1.399 
51317.630552 62.03890036147153352886 0.00000000968091032307 -199274.967001 23.855683 0.488868 0.006968 0.000000 0.000000 51310.664048 51333.059820 5 74.246 1.296 
51324.092970 62.03878909121011275829 0.00000000556458670916 -199280.845992 14.445242 0.488868 0.006968 0.000000 0.000000 51311.602525 51342.978138 5 93.721 1.416 
51331.621804 62.03865946385135288210 0.00000000157513511766 -199281.007479 4.518785 0.488868 0.006968 0.000000 0.000000 51313.501922 51349.248694 5 40.670 0.252 
51342.159245 62.03847804040370306211 0.00000000143530444535 -199266.911128 2.153546 0.488868 0.006968 0.000000 0.000000 51319.321444 51366.191126 5 41.781 0.322 
51351.712087 62.03831357361279685847 0.00000000197059843733 -199255.162888 5.919169 0.488868 0.006968 0.000000 0.000000 51333.057820 51367.087656 5 46.302 0.382 
51358.971074 62.03818860171163862560 0.00000000374309547257 -199266.082139 12.405081 0.488868 0.006968 0.000000 0.000000 51342.976138 51369.354755 5 44.812 0.461 
51365.485878 62.03807644520470176985 0.00000000858296971416 -199255.843351 14.962008 0.488868 0.006968 0.000000 0.000000 51349.246694 51375.552160 5 52.875 0.573 
51373.475288 62.03793891013332029161 0.00000000705356326167 -199225.413140 16.735536 0.488868 0.006968 0.000000 0.000000 51366.189126 51389.195744 5 46.707 0.498 
51381.422834 62.03780210459881772067 0.00000000308960873556 -199239.547739 5.264315 0.488868 0.006968 0.000000 0.000000 51367.085656 51405.928854 5 65.449 0.737 
51392.597517 62.03760974345627232651 0.00000000038868194237 -199235.606719 0.569204 0.488868 0.006968 0.000000 0.000000 51369.352755 51422.961070 5 14.706 0.039 
51403.318780 62.03742519011672840179 0.00000000050013201228 -199230.397435 0.952404 0.488868 0.006968 0.000000 0.000000 51375.550160 51422.961070 5 15.122 0.032 
51412.854622 62.03726104736490043479 0.00000000031444666378 -199224.668813 0.500302 0.488868 0.006968 0.000000 0.000000 51389.193744 51423.231370 5 4.954 0.004 
51422.402864 62.03709668870282456510 0.00000000325774898109 -199227.547957 5.736020 0.488868 0.006968 0.000000 0.000000 51405.926854 51432.091431 7 43.046 0.205 
51427.519871 62.03700860797407301561 0.00000000542521224250 -199219.605484 13.021572 0.488868 0.006968 0.000000 0.000000 51422.959070 51441.747906 7 44.035 0.200 
51429.343791 62.03697721543833409896 0.00000000556942522911 -199222.902195 17.898660 0.488868 0.006968 0.000000 0.000000 51423.229370 51441.747906 5 46.510 0.332 
51437.280528 62.03684060449125325931 0.00000000146844685429 -199220.289392 2.208129 0.488868 0.006968 0.000000 0.000000 51423.821000 51462.915055 5 27.443 0.107 
51448.577077 62.03664616275535337309 0.00000000040375599267 -199214.355266 0.540828 0.488868 0.006968 0.000000 0.000000 51425.828250 51480.305743 5 12.517 0.021 
51459.635269 62.03645583142478869831 0.00000000111370346802 -199208.806485 2.484274 0.488868 0.006968 0.000000 0.000000 51432.089431 51481.121212 5 40.933 0.305 
51469.883887 62.03627942978060616497 0.00000000919212074404 -199213.084196 13.354746 0.488868 0.006968 0.000000 0.000000 51441.745906 51483.334521 5 140.591 4.177 
51479.471411 62.03611441625878342165 0.00000001349902805427 -199207.942386 25.383321 0.488868 0.006968 0.000000 0.000000 51462.913055 51489.685526 5 141.450 4.479 
51487.702753 62.03597274226275004594 0.00000001550906115000 -199181.125475 34.473847 0.488868 0.006968 0.000000 0.000000 51480.303743 51504.071765 5 133.831 4.016 
51495.638889 62.03583616447536996930 0.00000000776773983905 -199187.606501 15.926467 0.488868 0.006968 0.000000 0.000000 51481.119212 51519.986419 5 148.639 4.210 
51521.780924 62.03538625828379338145 0.00000000239311296537 -199189.399985 2.804786 0.488868 0.006968 0.000000 0.000000 51483.332521 51546.688711 9 113.867 1.136 
51546.687711 62.03495764180757987560 0.00000000139029835102 -199173.067452 0.123196 0.488868 0.006968 0.000000 0.000000 51294.142021 51546.688711 33 208.566 3.378 
51576.617245 62.03447035029830658459 0.00000000244887750201 -199308.828009 0.401736 0.754514 0.043706 0.000000 0.000000 51576.616245 51705.199018 18 130.549 1.738 
51608.036353 62.03392932814560367660 0.00000000197146762076 -199299.613674 3.451934 0.754514 0.043706 0.000000 0.000000 51576.616245 51629.045893 5 69.836 1.017 
51618.653744 62.03374649793823891741 0.00000000274475945303 -199302.167587 3.130302 0.754514 0.043706 0.000000 0.000000 51589.442801 51629.705201 5 33.135 0.207 
51628.888710 62.03357029634639019378 0.00000000472319816545 -199226.416029 10.972007 0.754514 0.043706 0.000000 0.000000 51616.299424 51638.303892 6 55.857 0.387 
51634.263080 62.03347778208394913690 0.00000000738282384628 -199296.520285 17.504043 0.754514 0.043706 0.000000 0.000000 51628.774400 51648.547641 6 53.724 0.424 
51635.360616 62.03345888876059177619 0.00000000535495170663 -199306.951363 14.657028 0.754514 0.043706 0.000000 0.000000 51629.043893 51648.547641 5 37.864 0.244 
51641.425186 62.03335446217629822740 0.00000000305571556591 -199281.132593 7.138621 0.754514 0.043706 0.000000 0.000000 51629.703201 51659.368744 5 55.752 0.544 
51649.710758 62.03321181011216367551 0.00000000229800891513 -199260.733556 3.969424 0.754514 0.043706 0.000000 0.000000 51631.203452 51671.133059 5 58.079 0.764 
51659.738964 62.03303916622079583476 0.00000000101039180948 -199247.382725 2.000236 0.754514 0.043706 0.000000 0.000000 51638.301892 51681.346484 5 26.618 0.157 
51669.047889 62.03287890941830795555 0.00000000301038790451 -199248.888021 6.154488 0.754514 0.043706 0.000000 0.000000 51648.545641 51684.848516 5 73.897 1.449 
51684.123387 62.03261938960454813241 0.00000000212285233580 -199242.477085 3.168770 0.754514 0.043706 0.000000 0.000000 51659.366744 51705.199018 9 96.332 1.287 
51705.198018 62.03225661862827422510 0.00000000219362471312 -199225.006243 0.401736 0.754514 0.043706 0.000000 0.000000 51576.616245 51705.199018 18 130.553 1.738 
51715.998430 62.03209019182276051652 0.00000000402199695310 -199338.959427 0.878562 1.220347 0.093744 0.000000 0.000000 51715.997430 51817.738191 17 154.983 2.256 
51736.109074 62.03174385591205464152 0.00000000476274154372 -199311.369621 7.974631 1.220347 0.093744 0.000000 0.000000 51715.997430 51744.290683 7 58.470 0.479 
51741.135169 62.03165729424803487291 0.00000000613403925980 -199315.989770 15.355835 1.220347 0.093744 0.000000 0.000000 51728.042522 51751.182099 7 79.314 0.807 
51745.860182 62.03157592784643270534 0.00000000406880653846 -199342.891687 8.865236 1.220347 0.093744 0.000000 0.000000 51738.855367 51761.119609 7 48.180 0.346 
51747.027484 62.03155581872509571895 0.00000000829129889109 -199332.400942 18.173475 1.220347 0.093744 0.000000 0.000000 51740.993240 51761.119609 6 53.321 0.411 
51748.234133 62.03153503593644302327 0.00000000756353918383 -199327.327552 20.762645 1.220347 0.093744 0.000000 0.000000 51741.720544 51761.119609 5 48.426 0.499 
51754.515325 62.03142687115536091369 0.00000000193013565508 -199278.523786 4.527742 1.220347 0.093744 0.000000 0.000000 51742.858729 51773.128505 5 34.278 0.294 
51762.962997 62.03128142309315506964 0.00000000114503357779 -199272.861842 2.306403 1.220347 0.093744 0.000000 0.000000 51744.288683 51785.099090 5 34.800 0.381 
51773.115526 62.03110662933972463406 0.00000000204325984123 -199262.802933 4.252514 1.220347 0.093744 0.000000 0.000000 51751.180099 51795.053327 5 45.164 0.480 
51791.532748 62.03078953512942916859 0.00000000131920506891 -199266.033162 1.534647 1.220347 0.093744 0.000000 0.000000 51761.117609 51817.738191 9 73.151 0.632 
51817.737191 62.03033842819110077471 0.00000000397871556964 -199231.688149 0.878562 1.220347 0.093744 0.000000 0.000000 51715.997430 51817.738191 17 154.987 2.256 
51833.779211 62.03007093349706480012 0.00000000581646072984 -199329.828193 2.688536 2.041745 1.209974 0.000000 0.000000 51833.778211 51874.641079 9 58.520 0.503 
51854.374353 62.02971627427705669788 0.00000000179758501251 -199293.496971 2.688536 2.041745 1.209974 0.000000 0.000000 51833.778211 51874.641079 9 58.520 0.503 
51874.640079 62.02936735089076591976 0.00000000421929873944 -199257.746862 2.688536 2.041745 1.209974 0.000000 0.000000 51833.778211 51874.641079 9 58.520 0.503 
51886.913585 62.02916471362333794559 0.00000000678347620556 -199356.756037 2.064548 2.797342 0.503915 0.000000 0.000000 51886.912585 51954.789455 10 151.506 2.134 
51918.026777 62.02862890788869520975 0.00000000216633811605 -199281.558446 2.064548 2.797342 0.503915 0.000000 0.000000 51886.912585 51954.789455 10 151.507 2.134 
51954.788455 62.02799608910967776865 0.00000000593813751870 -199192.709007 2.064548 2.797342 0.503915 0.000000 0.000000 51886.912585 51954.789455 10 151.509 2.134 
51964.414659 62.02785854739645543532 0.00000000211504500854 -199333.916886 0.270315 0.698610 0.019601 0.000000 0.000000 51964.413659 52144.078622 26 204.412 3.356 
51981.913395 62.02755719036459680638 0.00000000353600574893 -199352.812225 9.263878 0.698610 0.019601 0.000000 0.000000 51964.413659 51994.593002 5 75.761 1.310 
51991.586766 62.02739058037576569404 0.00000000405062795105 -199336.789523 8.530811 0.698610 0.019601 0.000000 0.000000 51973.354822 52003.273301 7 92.233 1.042 
51994.625257 62.02733824968004228140 0.00000000594677478048 -199346.637700 17.661069 0.698610 0.019601 0.000000 0.000000 51982.970832 52003.273301 6 91.317 1.161 
51999.844445 62.02724836352717829868 0.00000000748315292181 -199244.487829 18.666300 0.698610 0.019601 0.000000 0.000000 51994.231660 52014.287957 6 79.239 0.787 
52000.966802 62.02722904403366044335 0.00000000783451931247 -199246.618136 22.200555 0.698610 0.019601 0.000000 0.000000 51994.591002 52014.287957 5 79.386 1.045 
52007.124923 62.02712301996477606281 0.00000001140724137775 -199284.190670 26.579198 0.698610 0.019601 0.000000 0.000000 51995.241398 52025.383611 5 165.835 3.064 
52015.115049 62.02698543481577786451 0.00000000233566764253 -199321.977100 5.338798 0.698610 0.019601 0.000000 0.000000 51997.439349 52035.194026 5 50.974 0.350 
52025.453986 62.02680739713296276250 0.00000000269162478337 -199300.647051 5.722073 0.698610 0.019601 0.000000 0.000000 52003.271301 52049.136036 5 101.275 1.944 
52034.670357 62.02664869551669113434 0.00000000210413914509 -199283.725037 4.530635 0.698610 0.019601 0.000000 0.000000 52014.285957 52049.355157 5 49.815 0.361 
52042.175684 62.02651946744038014003 0.00000000425367074057 -199275.117706 16.570811 0.698610 0.019601 0.000000 0.000000 52025.381611 52051.814591 5 59.567 0.524 
52048.714815 62.02640688228326126819 0.00000000596249283300 -199273.632699 12.995105 0.698610 0.019601 0.000000 0.000000 52035.192026 52058.079264 5 54.921 0.478 
52058.878115 62.02623189270696002495 0.00000000300774066787 -199275.616167 7.003127 0.698610 0.019601 0.000000 0.000000 52049.134036 52077.032344 6 50.382 0.360 
52060.826731 62.02619834635917328569 0.00000000248943506967 -199280.590386 6.047924 0.698610 0.019601 0.000000 0.000000 52049.353157 52077.032344 5 36.093 0.192 
52068.965774 62.02605821111494321940 0.00000000152850767194 -199276.288407 2.800339 0.698610 0.019601 0.000000 0.000000 52051.812591 52090.050372 5 35.138 0.192 
52078.869416 62.02588770108506821543 0.00000000162604134337 -199262.851765 2.501650 0.698610 0.019601 0.000000 0.000000 52058.077264 52101.332804 5 38.982 0.267 
52087.646115 62.02573659789197790815 0.00000000355281884030 -199261.232244 9.761560 0.698610 0.019601 0.000000 0.000000 52067.855296 52101.962759 5 88.532 1.451 
52108.670301 62.02537465316552811601 0.00000000143796377136 -199249.976308 1.549870 0.698610 0.019601 0.000000 0.000000 52077.030344 52144.078622 10 111.346 1.404 
52144.077622 62.02476515261370337839 0.00000000221578609935 -199225.472563 0.270315 0.698610 0.019601 0.000000 0.000000 51964.413659 52144.078622 26 204.422 3.357 
52155.645644 62.02456610392599856141 0.00000008215809499255 -199092.061452 179.232415 0.600000 0.000000 0.000000 0.000000 52155.644644 52165.272522 5 84.489 1.164 
52158.473374 62.02451746275177413281 0.00000003914129393392 -199090.595556 179.232415 0.600000 0.000000 0.000000 0.000000 52155.644644 52165.272522 5 84.489 1.164 
52165.271522 62.02440052593162533867 0.00000006841152075099 -199087.071396 179.232415 0.600000 0.000000 0.000000 0.000000 52155.644644 52165.272522 5 84.489 1.164 
52175.051907 62.02424346148515610366 0.00000000559643599625 -199363.341550 2.016771 1.657328 0.515832 0.000000 0.000000 52175.050907 52229.487258 9 69.986 0.852 
52205.681134 62.02371593131259430720 0.00000000145006946549 -199319.482587 2.016771 1.657328 0.515832 0.000000 0.000000 52175.050907 52229.487258 9 69.986 0.852 
52229.486258 62.02330601348143090945 0.00000000432889977777 -199285.395273 2.016771 1.657328 0.515832 0.000000 0.000000 52175.050907 52229.487258 9 69.987 0.852 
52252.765262 62.02293153591870833452 0.00000000158468272521 -199339.910537 0.321571 0.647788 0.053693 0.000000 0.000000 52252.764262 52367.412209 21 91.070 0.545 
52264.360629 62.02273183439032067099 0.00000000532920025170 -199337.026138 9.978633 0.647788 0.053693 0.000000 0.000000 52252.764262 52281.707233 7 84.133 0.687 
52266.293190 62.02269854512712754513 0.00000001311583425179 -199323.174293 30.807477 0.647788 0.053693 0.000000 0.000000 52260.391498 52281.707233 6 86.804 0.860 
52267.473329 62.02267822087743809334 0.00000001458095604454 -199321.429644 40.973623 0.647788 0.053693 0.000000 0.000000 52260.750711 52281.707233 5 105.464 1.286 
52274.029420 62.02256531647010717734 0.00000000423126091607 -199332.171024 10.140575 0.647788 0.053693 0.000000 0.000000 52261.160535 52293.533167 5 85.899 0.832 
52283.123812 62.02240869021354541246 0.00000000158742945695 -199324.115455 2.726213 0.647788 0.053693 0.000000 0.000000 52262.810113 52306.634497 5 47.687 0.246 
52293.994014 62.02222149511083415518 0.00000000280965358189 -199315.122203 4.419211 0.647788 0.053693 0.000000 0.000000 52270.935051 52317.163120 5 75.415 0.593 
52303.302839 62.02206119408013762495 0.00000000240824069912 -199302.130634 5.079081 0.647788 0.053693 0.000000 0.000000 52281.705233 52317.481176 5 57.204 0.395 
52312.264980 62.02190686529836227692 0.00000000623105708408 -199300.525010 12.382700 0.647788 0.053693 0.000000 0.000000 52293.531167 52320.576622 6 77.227 0.783 
52317.919851 62.02180949121035524740 0.00000000637662672920 -199311.530664 16.914137 0.647788 0.053693 0.000000 0.000000 52306.632497 52327.462390 6 71.389 0.607 
52323.027014 62.02172153575339308418 0.00000000940005811840 -199308.661849 22.242743 0.647788 0.053693 0.000000 0.000000 52317.161120 52337.277478 6 73.520 0.627 
52324.199993 62.02170133631005199959 0.00000001051210417966 -199306.880903 29.670776 0.647788 0.053693 0.000000 0.000000 52317.479176 52337.277478 5 77.400 0.936 
52330.518311 62.02159253724612142378 0.00000000470361384387 -199303.117512 12.615481 0.647788 0.053693 0.000000 0.000000 52318.205300 52349.072767 5 76.343 0.820 
52347.396119 62.02130192974939149053 0.00000000233556659982 -199284.466054 3.290993 0.647788 0.053693 0.000000 0.000000 52320.574622 52367.412209 9 78.856 0.570 
52367.411209 62.02095731020953195411 0.00000000170136094534 -199275.744482 0.321571 0.647788 0.053693 0.000000 0.000000 52252.764262 52367.412209 21 91.073 0.545 
52389.498485 62.02058739254397323748 0.00000000836157755968 -199363.384640 4.011846 1.332780 1.119794 0.000000 0.000000 52389.497485 52445.351558 10 174.964 3.030 
52416.685971 62.02011912496629264524 0.00000000350280005425 -199332.077652 4.011846 1.332780 1.119794 0.000000 0.000000 52389.497485 52445.351558 10 174.965 3.030 
52445.350558 62.01962549597038787397 0.00000001199354638383 -199299.069750 4.011846 1.332780 1.119794 0.000000 0.000000 52389.497485 52445.351558 10 174.967 3.030 
52459.972023 62.01938719963456492223 0.00000000268294160104 -199362.808767 0.896713 1.162274 0.186583 0.000000 0.000000 52459.971023 52539.015623 14 81.132 0.595 
52467.583388 62.01925608898739028518 0.00000000401384440340 -199350.481318 8.262845 1.162274 0.186583 0.000000 0.000000 52459.971023 52487.089590 6 38.021 0.205 
52469.105660 62.01922987068894599361 0.00000000309738768454 -199351.030764 7.809133 1.162274 0.186583 0.000000 0.000000 52460.229438 52487.089590 5 30.258 0.175 
52476.476917 62.01910291390831986291 0.00000000091873275417 -199334.551999 2.646186 1.162274 0.186583 0.000000 0.000000 52461.115517 52497.087719 5 22.350 0.088 
52485.872601 62.01894109461063209210 0.00000000215038562751 -199333.472658 4.267824 1.162274 0.186583 0.000000 0.000000 52463.125556 52508.095940 5 72.092 0.644 
52496.601651 62.01875631803888921922 0.00000000211645175229 -199329.569263 3.367476 1.162274 0.186583 0.000000 0.000000 52473.965201 52516.772804 5 50.348 0.270 
52514.944121 62.01844043875956202783 0.00000000217168709094 -199307.699227 3.536879 1.162274 0.186583 0.000000 0.000000 52487.087590 52539.015623 9 93.188 0.849 
52539.014623 62.01802596611696571927 0.00000000355972387880 -199283.433807 0.896713 1.162274 0.186583 0.000000 0.000000 52459.971023 52539.015623 14 81.134 0.595 
52551.594143 62.01783538843780263505 0.00000000153250629980 -199365.236507 0.194401 0.716941 0.016607 0.000000 0.000000 52551.593143 52717.382492 29 138.431 1.305 
52567.017084 62.01756973571407627333 0.00000000735529339179 -199358.680228 16.077153 0.716941 0.016607 0.000000 0.000000 52551.593143 52575.366549 6 66.144 0.455 
52572.370402 62.01747752979955663477 0.00000000522589734205 -199355.461304 13.303577 0.716941 0.016607 0.000000 0.000000 52561.734488 52583.715054 6 65.353 0.454 
52577.817120 62.01738371456518450486 0.00000000477183903809 -199354.146948 11.195891 0.716941 0.016607 0.000000 0.000000 52570.515283 52594.416798 6 62.934 0.454 
52579.277288 62.01735856209539576867 0.00000000376999794019 -199349.110430 10.366630 0.716941 0.016607 0.000000 0.000000 52570.968405 52594.416798 5 49.530 0.355 
52586.185048 62.01723958302956418720 0.00000000238360610209 -199347.824530 4.898414 0.716941 0.016607 0.000000 0.000000 52571.920633 52605.509204 5 49.661 0.350 
52594.944412 62.01708871876939355161 0.00000000123239537705 -199344.206151 2.483952 0.716941 0.016607 0.000000 0.000000 52575.364549 52615.719456 5 32.024 0.149 
52604.962374 62.01691618300802133490 0.00000000134553523655 -199329.836219 2.500968 0.716941 0.016607 0.000000 0.000000 52583.713054 52625.456359 5 39.602 0.255 
52613.374281 62.01677131642964724278 0.00000000317118526810 -199316.586116 6.871772 0.716941 0.016607 0.000000 0.000000 52594.414798 52625.774587 5 62.188 0.516 
52621.327076 62.01663436024797704249 0.00000000993577153956 -199320.048114 24.384419 0.716941 0.016607 0.000000 0.000000 52605.507204 52629.185848 6 125.205 2.230 
52626.827387 62.01653964549209518964 0.00000001019952195705 -199314.164519 25.396537 0.716941 0.016607 0.000000 0.000000 52615.717456 52638.511073 6 134.222 2.285 
52634.262460 62.01641160242914452283 0.00000000821275360958 -199302.107300 28.877897 0.716941 0.016607 0.000000 0.000000 52625.454359 52647.296678 7 122.147 1.657 
52635.730311 62.01638632221701641356 0.00000000698140863514 -199283.012509 33.424767 0.716941 0.016607 0.000000 0.000000 52625.772587 52647.296678 6 113.233 1.619 
52637.721655 62.01635203541264473870 0.00000000660328393596 -199283.797908 43.158844 0.716941 0.016607 0.000000 0.000000 52626.321000 52647.296678 5 115.270 2.405 
52644.279657 62.01623910286442509232 0.00000000154948528991 -199320.445249 3.777784 0.716941 0.016607 0.000000 0.000000 52629.183848 52659.113006 5 31.210 0.171 
52652.310196 62.01610081074528579848 0.00000000095775543426 -199297.797228 2.235379 0.716941 0.016607 0.000000 0.000000 52638.509073 52669.338547 5 15.222 0.026 
52660.719492 62.01595600371632599490 0.00000000194367835525 -199304.449724 4.496879 0.716941 0.016607 0.000000 0.000000 52647.294678 52680.557551 5 43.270 0.242 
52676.311889 62.01568750537854413096 0.00000000627124315991 -199313.198898 13.040285 0.716941 0.016607 0.000000 0.000000 52659.111006 52686.255501 6 69.902 0.530 
52681.705758 62.01559463249223824732 0.00000000617804778026 -199285.448757 16.266216 0.716941 0.016607 0.000000 0.000000 52669.336547 52691.476218 6 77.737 0.743 
52698.712685 62.01530182799236712299 0.00000000116943779728 -199257.559316 3.667624 0.716941 0.016607 0.000000 0.000000 52680.555551 52717.382492 10 64.677 0.407 
52717.381492 62.01498041091679880310 0.00000000135253191238 -199262.541687 0.194401 0.716941 0.016607 0.000000 0.000000 52551.593143 52717.382492 29 138.437 1.305 
52745.447020 62.01450613401214440046 0.00000001025174791003 -199371.236348 4.865822 0.600000 0.000000 0.000000 0.000000 52745.446020 52791.930682 8 82.686 1.011 
52769.316508 62.01409497874129073125 0.00000000306509734009 -199358.862405 4.865822 0.600000 0.000000 0.000000 0.000000 52745.446020 52791.930682 8 82.687 1.011 
52791.929682 62.01370548717942199346 0.00000001022280014896 -199347.139736 4.865822 0.600000 0.000000 0.000000 0.000000 52745.446020 52791.930682 8 82.687 1.011 
52822.842053 62.01318886346802372600 0.00000000405275289658 -199411.139772 1.540920 1.770336 0.401351 0.000000 0.000000 52822.841053 52883.692290 12 90.691 0.942 
52829.636727 62.01307179802402913538 0.00000000934492965803 -199394.694098 23.821458 1.770336 0.401351 0.000000 0.000000 52822.841053 52845.119139 6 110.233 1.886 
52830.995662 62.01304839739743357541 0.00000000074941850320 -199414.384304 2.054940 1.770336 0.401351 0.000000 0.000000 52823.202617 52845.119139 5 8.253 0.011 
52837.928189 62.01292896175626623290 0.00000000171038328386 -199392.524763 3.434228 1.770336 0.401351 0.000000 0.000000 52823.896160 52857.867250 5 29.425 0.161 
52861.820177 62.01251740497801279162 0.00000000111055508066 -199352.219780 1.468256 1.770336 0.401351 0.000000 0.000000 52827.830428 52883.692290 9 62.599 0.505 
52883.691290 62.01214072917819208897 0.00000000423649423316 -199318.066601 1.540920 1.770336 0.401351 0.000000 0.000000 52822.841053 52883.692290 12 90.693 0.942 
52889.088471 62.01206229558654570155 0.00000000288804286406 -199409.942922 0.510280 1.330486 0.052877 0.000000 0.000000 52889.087471 53007.187928 20 130.848 1.612 
52910.223212 62.01169818494739871539 0.00000000037212176690 -199385.682821 0.669362 1.330486 0.052877 0.000000 0.000000 52889.087471 52930.627533 5 9.599 0.018 
52918.582979 62.01155417466533492643 0.00000000051869560418 -199377.717174 1.130793 1.330486 0.052877 0.000000 0.000000 52899.844291 52930.888307 5 10.164 0.021 
52926.742098 62.01141363611640855424 0.00000000458605299141 -199356.738030 10.570547 1.330486 0.052877 0.000000 0.000000 52910.616139 52935.669148 6 65.243 0.641 
52932.410380 62.01131599770619828860 0.00000000485592145719 -199361.583121 12.358117 1.330486 0.052877 0.000000 0.000000 52920.937624 52944.627834 6 78.175 0.797 
52937.857768 62.01122217341121256595 0.00000000675194507554 -199360.028756 16.783315 1.330486 0.052877 0.000000 0.000000 52930.625533 52953.623951 6 80.648 0.757 
52939.304015 62.01119726049677893798 0.00000000717081223475 -199354.198721 20.853809 1.330486 0.052877 0.000000 0.000000 52930.886307 52953.623951 5 82.771 0.999 
52946.237670 62.01107783334524725660 0.00000000168800308836 -199340.139546 3.875743 1.330486 0.052877 0.000000 0.000000 52931.713837 52965.556581 5 33.147 0.186 
52955.116720 62.01092490543496182909 0.00000000313974578306 -199347.897309 7.020341 1.330486 0.052877 0.000000 0.000000 52935.667148 52976.111087 5 94.403 1.576 
52964.306497 62.01076663794665222440 0.00000000576272383868 -199331.827617 11.639071 1.330486 0.052877 0.000000 0.000000 52944.625834 52981.618029 5 140.966 3.389 
52972.098483 62.01063244724939949037 0.00000000890660038232 -199312.062723 20.831320 1.330486 0.052877 0.000000 0.000000 52953.621951 52983.587766 5 144.733 3.282 
52987.704560 62.01036372027810017471 0.00000000346995483311 -199293.532218 5.760114 1.330486 0.052877 0.000000 0.000000 52965.554581 53007.187928 10 157.890 3.263 
53007.186928 62.01002826762831432461 0.00000000246574884565 -199274.184031 0.510280 1.330486 0.052877 0.000000 0.000000 52889.087471 53007.187928 20 130.852 1.612 
53019.847890 62.00983118796217041790 0.00000000128858017823 -199404.479452 0.308772 0.946342 0.038261 0.000000 0.000000 53019.846890 53121.748038 12 49.229 0.222 
53035.039050 62.00956947282298870050 0.00000000324635859742 -199398.092608 7.935800 0.946342 0.038261 0.000000 0.000000 53019.846890 53044.302873 6 45.641 0.357 
53040.329843 62.00947832333186227061 0.00000000357613098786 -199397.749235 9.360129 0.946342 0.038261 0.000000 0.000000 53028.762971 53051.593649 6 51.089 0.345 
53065.545730 62.00904395419789949528 0.00000000072992087695 -199366.995022 0.546199 0.946342 0.038261 0.000000 0.000000 53038.547939 53121.748038 10 56.795 0.277 
53121.747038 62.00807598046837654238 0.00000000155084133613 -199321.162650 0.308772 0.946342 0.038261 0.000000 0.000000 53019.846890 53121.748038 12 49.230 0.222 
53128.115812 62.00796732317504478260 0.00000002770443447811 -199396.759773 44.710228 0.600000 0.000000 0.000000 0.000000 53128.114812 53142.379890 5 63.087 0.512 
53137.453008 62.00780646504101412120 0.00000001045173993697 -199391.919370 44.710228 0.600000 0.000000 0.000000 0.000000 53128.114812 53142.379890 5 63.087 0.512 
53142.378890 62.00772160514441821988 0.00000002846715548235 -199389.365793 44.710228 0.600000 0.000000 0.000000 0.000000 53128.114812 53142.379890 5 63.087 0.512 
53147.011206 62.00766604832106310141 0.00000000205881739115 -199421.258814 0.362325 0.870226 0.040688 0.000000 0.000000 53147.010206 53284.724944 14 101.972 1.022 
53155.095725 62.00752676306979083165 0.00000001181741343243 -199463.462781 42.227797 0.870226 0.040688 0.000000 0.000000 53147.010206 53164.035852 5 109.194 2.768 
53162.865287 62.00739288623682909929 0.00000000802039793624 -199404.277006 12.068563 0.870226 0.040688 0.000000 0.000000 53152.371692 53185.860015 5 97.175 2.381 
53172.243069 62.00723132223190958712 0.00000000432227596627 -199402.707309 8.138763 0.870226 0.040688 0.000000 0.000000 53155.864382 53199.262601 5 113.656 2.624 
53183.689534 62.00703412603435538131 0.00000000185478487843 -199394.717678 2.677876 0.870226 0.040688 0.000000 0.000000 53156.193493 53213.098711 5 69.353 0.798 
53197.836468 62.00679041420925585726 0.00000000113825200614 -199382.163216 1.231009 0.870226 0.040688 0.000000 0.000000 53164.033852 53226.930162 5 45.294 0.342 
53238.104139 62.00609678701692217828 0.00000000051322029549 -199352.943822 0.449868 0.870226 0.040688 0.000000 0.000000 53185.858015 53284.724944 9 52.320 0.281 
53284.723944 62.00529387427681626832 0.00000000234655671890 -199317.715990 0.362325 0.870226 0.040688 0.000000 0.000000 53147.010206 53284.724944 14 101.976 1.022 
53290.882614 62.00521228628018377549 0.00000000359685066753 -199451.001995 0.548547 1.131402 0.050989 0.000000 0.000000 53290.881614 53443.377368 21 252.664 3.341 
53305.504979 62.00496030870203867380 0.00000001056823141543 -199477.134889 28.156554 1.131402 0.050989 0.000000 0.000000 53290.881614 53315.743147 7 180.008 3.841 
53310.054419 62.00488191154276762518 0.00000001069986538406 -199478.441876 23.336902 1.131402 0.050989 0.000000 0.000000 53296.080763 53322.729693 7 169.413 3.079 
53312.383195 62.00484177342244151987 0.00000001455297565843 -199437.002935 50.997443 1.131402 0.050989 0.000000 0.000000 53303.510674 53322.729693 6 167.390 3.276 
53314.157499 62.00481119492445003516 0.00000001255643716604 -199368.378402 47.416031 1.131402 0.050989 0.000000 0.000000 53306.952760 53322.729693 5 102.546 1.543 
53320.519535 62.00470158578234247670 0.00000001660067245790 -199415.739886 35.193861 1.131402 0.050989 0.000000 0.000000 53312.567948 53338.764943 5 148.337 1.984 
53328.778169 62.00455929708986246851 0.00000000468470762535 -199412.335230 9.675825 1.131402 0.050989 0.000000 0.000000 53312.792946 53353.863115 5 106.240 0.994 
53339.338581 62.00437736618460604632 0.00000000535502235335 -199388.294498 10.186090 1.131402 0.050989 0.000000 0.000000 53315.741147 53365.597009 5 203.716 2.438 
53349.309354 62.00420560310106310453 0.00000000337448874473 -199365.606589 6.173523 1.131402 0.050989 0.000000 0.000000 53322.727693 53365.597009 5 86.912 0.502 
53360.379704 62.00401489968685098120 0.00000000831822185378 -199377.763324 13.199699 1.131402 0.050989 0.000000 0.000000 53338.762943 53378.081446 5 172.830 2.062 
53370.865104 62.00383427619664189478 0.00000000176804918235 -199398.349367 3.056117 1.131402 0.050989 0.000000 0.000000 53353.861115 53391.191939 5 35.424 0.099 
53381.532937 62.00365049863009403452 0.00000000029780527623 -199376.155091 0.501399 1.131402 0.050989 0.000000 0.000000 53365.595009 53407.202279 5 7.324 0.006 
53420.131052 62.00298570948253740198 0.00000000333011048218 -199319.467852 3.583531 1.131402 0.050989 0.000000 0.000000 53378.079446 53443.377368 9 183.388 1.878 
53443.376368 62.00258540952999908313 0.00000000379910248132 -199301.934543 0.548547 1.131402 0.050989 0.000000 0.000000 53290.881614 53443.377368 21 252.675 3.341 
53446.839728 62.00254183764091209241 0.00000000510397754918 -199471.620251 1.065523 1.685085 0.149637 0.000000 0.000000 53446.838728 53548.711848 13 184.404 1.597 
53461.193527 62.00229446503232111354 0.00000000532876808053 -199434.648812 8.629175 1.685085 0.149637 0.000000 0.000000 53446.838728 53485.453711 5 115.000 1.092 
53471.618085 62.00211484234402092852 0.00000000483977093854 -199425.122321 6.167472 1.685085 0.149637 0.000000 0.000000 53450.084785 53498.963522 5 126.495 1.300 
53484.577686 62.00189153980419831669 0.00000000595290075333 -199418.633612 6.694783 1.685085 0.149637 0.000000 0.000000 53452.286531 53514.884789 5 209.261 5.014 
53499.772450 62.00162975123267017352 0.00000000283554075203 -199405.378890 4.180836 1.685085 0.149637 0.000000 0.000000 53471.300878 53528.262352 5 105.178 1.315 
53526.381395 62.00117138678260175766 0.00000000293497338058 -199353.382367 2.720774 1.685085 0.149637 0.000000 0.000000 53485.451711 53548.711848 9 148.494 1.315 
53548.710848 62.00078680802203479061 0.00000000460324768762 -199323.304722 1.065523 1.685085 0.149637 0.000000 0.000000 53446.838728 53548.711848 13 184.409 1.598 
53551.962003 62.00075069647829195674 0.00000000315188647822 -199453.431180 0.499245 1.063571 0.075395 0.000000 0.000000 53551.961003 53681.609115 15 164.759 1.770 
53564.184045 62.00054009696861356815 0.00000000373732818167 -199470.406639 8.549107 1.063571 0.075395 0.000000 0.000000 53551.961003 53582.772460 5 59.815 0.289 
53572.998978 62.00038818480572189173 0.00000000118471437642 -199444.041465 2.427686 1.063571 0.075395 0.000000 0.000000 53557.045124 53596.037668 5 25.898 0.078 
53583.561456 62.00020618517282855464 0.00000000332400273150 -199417.064009 4.297001 1.063571 0.075395 0.000000 0.000000 53559.066980 53609.859513 5 93.654 1.483 
53596.558690 61.99998225197500545391 0.00000000341418405565 -199401.017519 4.584640 1.063571 0.075395 0.000000 0.000000 53570.071660 53624.055148 5 75.511 0.932 
53610.171834 61.99974772019731972250 0.00000000477468561413 -199396.341998 5.671829 1.063571 0.075395 0.000000 0.000000 53582.770460 53638.139380 5 120.506 2.437 
53623.959623 61.99951018593718998773 0.00000000239219826346 -199394.477062 2.380285 1.063571 0.075395 0.000000 0.000000 53596.035668 53651.711404 5 47.534 0.352 
53654.544194 61.99898333758659418891 0.00000000266592757399 -199358.755707 2.636135 1.063571 0.075395 0.000000 0.000000 53609.857513 53681.609115 9 139.626 1.615 
53681.608115 61.99851720125104037606 0.00000000263869411499 -199334.296073 0.499245 1.063571 0.075395 0.000000 0.000000 53551.961003 53681.609115 15 164.765 1.771 
53710.558031 61.99804383319384726292 0.00000000323356878543 -199449.996791 0.466716 0.833483 0.048886 0.000000 0.000000 53710.557031 53859.164106 18 188.571 1.876 
53737.535912 61.99757895865823087433 0.00000000286262594509 -199433.159922 3.285369 0.833483 0.048886 0.000000 0.000000 53710.557031 53765.351255 5 73.772 0.908 
53751.317613 61.99734149280018868922 0.00000000078952672302 -199418.720633 0.981952 0.833483 0.048886 0.000000 0.000000 53723.818736 53779.467532 5 20.346 0.067 
53765.079974 61.99710437772107951560 0.00000000052767606729 -199408.219553 1.013147 0.833483 0.048886 0.000000 0.000000 53737.218394 53792.632540 5 23.675 0.093 
53777.305046 61.99689375656370060597 0.00000000199779637801 -199399.972980 3.891989 0.833483 0.048886 0.000000 0.000000 53750.731147 53798.345753 5 61.587 0.333 
53788.446619 61.99670181029947002571 0.00000000240567907664 -199395.284436 3.743542 0.833483 0.048886 0.000000 0.000000 53765.349255 53806.441016 5 54.089 0.261 
53797.461385 61.99654650798259325484 0.00000000291686104531 -199394.512804 6.726330 0.833483 0.048886 0.000000 0.000000 53779.465532 53810.425083 5 50.021 0.220 
53805.442685 61.99640903162502070245 0.00000001527877495300 -199343.342920 48.120781 0.833483 0.048886 0.000000 0.000000 53792.630540 53812.625035 6 172.830 2.309 
53810.749411 61.99631759693173904679 0.00000001516169437227 -199416.309829 33.272463 0.833483 0.048886 0.000000 0.000000 53798.343753 53824.472894 6 224.940 2.796 
53813.230342 61.99627486314740565376 0.00000002940364845503 -199455.598454 85.199750 0.833483 0.048886 0.000000 0.000000 53806.439016 53824.472894 5 227.345 3.663 
53836.205466 61.99587911048583066531 0.00000000490954326087 -199342.584835 11.317918 0.833483 0.048886 0.000000 0.000000 53810.423083 53859.164106 9 234.880 2.881 
53859.163106 61.99548368625920602426 0.00000000293048840409 -199342.981857 0.466716 0.833483 0.048886 0.000000 0.000000 53710.557031 53859.164106 18 188.579 1.876 
53862.075634 61.99544807079941932670 0.00000001099591443032 -199506.495047 2.712836 2.214893 0.405763 0.000000 0.000000 53862.074634 53946.731025 12 239.482 3.173 
53875.558007 61.99521566223710067334 0.00000001104963027828 -199572.115243 35.414656 2.214893 0.405763 0.000000 0.000000 53862.074634 53883.123900 6 124.083 1.265 
53880.611447 61.99512857991125969193 0.00000001400022907170 -199462.670025 33.272693 2.214893 0.405763 0.000000 0.000000 53869.109801 53892.397277 6 176.888 3.483 
53905.913956 61.99469257181362991105 0.00000000330268563336 -199421.242243 4.314770 2.214893 0.405763 0.000000 0.000000 53876.279921 53946.731025 10 245.509 3.968 
53946.730025 61.99398944494092233981 0.00000000938139142494 -199344.494674 2.712836 2.214893 0.405763 0.000000 0.000000 53862.074634 53946.731025 12 239.487 3.173 
53952.684270 61.99388803263520486553 0.00000000890700343945 -199444.813630 5.071222 5.222123 1.682385 0.000000 0.000000 53952.683270 53995.716671 8 102.710 0.768 
53972.365025 61.99354896872790732232 0.00000000205055166575 -199356.015750 5.071222 5.222123 1.682385 0.000000 0.000000 53952.683270 53995.716671 8 102.711 0.768 
53995.715671 61.99314687507510512887 0.00000001039073618803 -199250.659638 5.071222 5.222123 1.682385 0.000000 0.000000 53952.683270 53995.716671 8 102.711 0.768 
54002.519309 61.99305148699907874743 0.00000001389642237850 -199470.530201 3.913242 0.600000 0.000000 0.000000 0.000000 54002.518309 54088.373874 9 317.432 7.487 
54037.170447 61.99245432738007366424 0.00000000368352808359 -199452.567051 3.913242 0.600000 0.000000 0.000000 0.000000 54002.518309 54088.373874 9 317.435 7.487 
54088.372874 61.99157202993939819180 0.00000001583612700377 -199426.023713 3.913242 0.600000 0.000000 0.000000 0.000000 54002.518309 54088.373874 9 317.440 7.488 
54099.323012 61.99140625907107704506 0.00000000335928471319 -199473.791664 0.517696 0.727267 0.045917 0.000000 0.000000 54099.322012 54241.466479 13 143.684 1.951 
54119.727990 61.99105459178977639567 0.00000000849498711765 -199482.610596 16.938667 0.727267 0.045917 0.000000 0.000000 54099.322012 54130.141393 5 131.606 3.979 
54128.398890 61.99090517223558549631 0.00000001148652964736 -199432.262816 27.221651 0.727267 0.045917 0.000000 0.000000 54116.358854 54142.678512 5 165.843 6.425 
54136.359825 61.99076797871924782157 0.00000001293682711827 -199436.661884 25.448008 0.727267 0.045917 0.000000 0.000000 54123.263178 54156.165532 5 197.234 7.550 
54145.772913 61.99060578057777348704 0.00000000560429331584 -199452.282611 13.269319 0.727267 0.045917 0.000000 0.000000 54129.551511 54170.330616 5 135.593 3.003 
54185.794952 61.98991615827657142290 0.00000000062653929136 -199419.606213 0.433688 0.727267 0.045917 0.000000 0.000000 54130.139393 54241.466479 9 81.169 0.661 
54241.465479 61.98895704811531714995 0.00000000317111733239 -199384.475265 0.517696 0.727267 0.045917 0.000000 0.000000 54099.322012 54241.466479 13 143.690 1.951 
54245.044526 61.98889543944310531742 0.00000001312738481139 -199366.590491 12.591095 0.600000 0.000000 0.000000 0.000000 54245.043526 54269.093132 7 64.786 0.429 
54257.709991 61.98867727693339446660 0.00000000321461134479 -199360.024714 12.591095 0.600000 0.000000 0.000000 0.000000 54245.043526 54269.093132 7 64.787 0.429 
54269.092132 61.98848122579379804620 0.00000001373618002214 -199354.124212 12.591095 0.600000 0.000000 0.000000 0.000000 54245.043526 54269.093132 7 64.787 0.429 
54273.062008 61.98844307769281414267 0.00000000260992785643 -199503.209534 0.363524 0.795161 0.032533 0.000000 0.000000 54273.061008 54441.271482 17 191.562 1.235 
54283.892036 61.98825640140716330961 0.00000001053532780957 -199492.946971 35.283900 0.795161 0.032533 0.000000 0.000000 54273.061008 54297.130379 6 149.732 1.119 
54286.058042 61.98821907135799591515 0.00000000786222055758 -199520.970287 39.835999 0.795161 0.032533 0.000000 0.000000 54276.976576 54297.130379 5 115.314 0.934 
54295.791470 61.98805131941558244080 0.00000000892293136994 -199446.331796 20.399414 0.795161 0.032533 0.000000 0.000000 54281.749413 54310.719091 6 188.233 0.715 
54298.599681 61.98800293076940448600 0.00000001242755914338 -199456.989218 27.245552 0.795161 0.032533 0.000000 0.000000 54283.968563 54310.719091 5 185.329 0.824 
54309.414685 61.98781650779690011177 0.00000001279681788732 -199499.127552 18.166883 0.795161 0.032533 0.000000 0.000000 54290.462280 54338.045583 5 263.406 1.948 
54321.857894 61.98760204576698384926 0.00000000847117535343 -199472.858044 16.630462 0.795161 0.032533 0.000000 0.000000 54297.128379 54352.680327 5 363.006 3.583 
54335.828221 61.98736127479769919546 0.00000000450717513599 -199443.515029 4.620786 0.795161 0.032533 0.000000 0.000000 54310.717091 54366.982013 5 134.477 0.511 
54393.099629 61.98637440882029636668 0.00000000153274542867 -199421.893360 1.089275 0.795161 0.032533 0.000000 0.000000 54338.043583 54441.271482 9 149.122 1.167 
54441.270482 61.98554449496172225054 0.00000000279915609003 -199387.647096 0.363524 0.795161 0.032533 0.000000 0.000000 54273.061008 54441.271482 17 191.571 1.235 
54455.046213 61.98532192942186469509 0.00000000592215780067 -199524.720636 1.803124 1.598297 0.317563 0.000000 0.000000 54455.045213 54534.194846 9 140.949 0.771 
54486.552811 61.98477884841327067988 0.00000000178866670835 -199481.212274 1.803124 1.598297 0.317563 0.000000 0.000000 54455.045213 54534.194846 9 140.951 0.771 
54534.193846 61.98395788216030410922 0.00000000682062771879 -199415.423409 1.803124 1.598297 0.317563 0.000000 0.000000 54455.045213 54534.194846 9 140.953 0.771 
54541.791771 61.98383399776147228977 0.00000002439279045071 -199501.446721 21.134986 0.600000 0.000000 0.000000 0.000000 54541.790771 54573.318594 5 114.468 1.619 
54552.728985 61.98364547649969580334 0.00000001102562794982 -199495.776869 21.134986 0.600000 0.000000 0.000000 0.000000 54541.790771 54573.318594 5 114.469 1.619 
54573.317594 61.98329061177317100828 0.00000003734532801913 -199485.103734 21.134986 0.600000 0.000000 0.000000 0.000000 54541.790771 54573.318594 5 114.469 1.619 
54582.490193 61.98314158841452581328 0.00000000461317986364 -199452.362509 2.200431 -1.660162 1.349668 0.000000 0.000000 54582.489193 54637.057053 11 81.971 0.580 
54599.666111 61.98284558296041524272 0.00000000209509292754 -199476.999298 2.200431 -1.660162 1.349668 0.000000 0.000000 54582.489193 54637.057053 11 81.972 0.580 
54637.056053 61.98220108767579716869 0.00000000643118500898 -199530.630675 2.200431 -1.660162 1.349668 0.000000 0.000000 54582.489193 54637.057053 11 81.972 0.580 
54640.301238 61.98215322918579772704 0.00000000939482736117 -199524.096379 3.171156 1.845506 0.446408 0.000000 0.000000 54640.300238 54710.289103 14 207.907 1.616 
54649.670014 61.98199173269745188009 0.00000001484118358990 -199467.936112 61.578153 1.845506 0.446408 0.000000 0.000000 54640.300238 54660.815063 6 238.012 3.142 
54651.543770 61.98195942308745998162 0.00000003179887851536 -199390.126257 119.923334 1.845506 0.446408 0.000000 0.000000 54643.929751 54660.815063 5 247.432 3.677 
54660.756298 61.98180063743327394832 0.00000002578890989000 -199491.108611 27.414810 1.845506 0.446408 0.000000 0.000000 54647.059239 54689.994393 5 275.883 5.398 
54669.907048 61.98164292067020397781 0.00000001290529688284 -199489.669029 39.189936 1.845506 0.446408 0.000000 0.000000 54651.023485 54692.814990 5 269.588 5.814 
54678.823490 61.98148924785387947622 0.00000001043440937977 -199480.000727 27.487037 1.845506 0.446408 0.000000 0.000000 54654.888308 54695.607694 5 183.179 3.822 
54695.345200 61.98120453939741025806 0.00000000643306182536 -199429.621155 5.718585 1.845506 0.446408 0.000000 0.000000 54660.813063 54710.289103 9 164.330 1.164 
54710.288103 61.98094707128537095286 0.00000001012954715654 -199412.501138 3.171156 1.845506 0.446408 0.000000 0.000000 54640.300238 54710.289103 14 207.911 1.616 
54714.329617 61.98088402619968917406 0.00000002479798145519 -199603.627613 10.678438 6.277717 2.897998 0.000000 0.000000 54714.328617 54762.519986 7 207.494 1.549 
54740.685824 61.98042965632382816921 0.00000000526794497056 -199460.672930 10.678438 6.277717 2.897998 0.000000 0.000000 54714.328617 54762.519986 7 207.495 1.549 
54762.518986 61.98005350835946813959 0.00000002090274239656 -199342.251005 10.678438 6.277717 2.897998 0.000000 0.000000 54714.328617 54762.519986 7 207.497 1.550 
54770.730396 61.97993430613162502141 0.00000000150131667592 -199550.459861 0.324371 1.052693 0.056644 0.000000 0.000000 54770.729396 54885.305457 11 65.473 0.213 
54777.956431 61.97980972727848580917 0.00000000864477222993 -199505.484092 34.322449 1.052693 0.056644 0.000000 0.000000 54770.729396 54786.761860 5 74.343 0.282 
54786.371056 61.97966466491647707926 0.00000000240321295571 -199553.324906 3.086571 1.052693 0.056644 0.000000 0.000000 54774.733494 54812.804521 5 23.938 0.023 
54826.055322 61.97898056031343827499 0.00000000052288368223 -199500.062029 0.315703 1.052693 0.056644 0.000000 0.000000 54778.522986 54885.305457 9 50.213 0.145 
54885.304457 61.97795943223667336497 0.00000000186054060922 -199446.251683 0.324371 1.052693 0.056644 0.000000 0.000000 54770.729396 54885.305457 11 65.475 0.213 
54904.094397 61.97765669183421977095 0.00000000216913075292 -199532.729413 0.348457 0.948062 0.033631 0.000000 0.000000 54904.093397 55040.692238 14 86.903 0.307 
54927.294070 61.97725675742906048526 0.00000000215870082078 -199514.364679 3.223313 0.948062 0.033631 0.000000 0.000000 54904.093397 54952.504368 5 60.956 0.401 
54939.749004 61.97704206534715609678 0.00000000171283562150 -199505.754029 2.313983 0.948062 0.033631 0.000000 0.000000 54914.423686 54966.370066 5 44.300 0.200 
54953.468389 61.97680558580930920698 0.00000000135845914618 -199493.804215 1.531675 0.948062 0.033631 0.000000 0.000000 54926.295275 54983.022610 5 39.255 0.133 
54967.082172 61.97657094401198207834 0.00000000189397225712 -199481.106296 2.561524 0.948062 0.033631 0.000000 0.000000 54939.150624 54994.366190 5 58.686 0.218 
54980.883763 61.97633308101080729102 0.00000000143346135610 -199466.679764 2.763459 0.948062 0.033631 0.000000 0.000000 54952.502368 55008.160579 5 68.737 0.245 
55010.825485 61.97581709089325840978 0.00000000197553122538 -199445.739279 2.036865 0.948062 0.033631 0.000000 0.000000 54966.368066 55040.692238 9 104.303 0.420 
55040.691238 61.97530247338620768005 0.00000000201940486834 -199420.839453 0.348457 0.948062 0.033631 0.000000 0.000000 54904.093397 55040.692238 14 86.906 0.307 
55044.778702 61.97524547141203754563 0.00000000353657280726 -199574.633213 0.594558 2.129052 0.071836 0.000000 0.000000 55044.777702 55181.662030 16 193.393 1.709 
55053.955866 61.97508724566012006107 0.00000000694003727030 -199593.100880 15.052470 2.129052 0.071836 0.000000 0.000000 55044.777702 55068.113407 5 57.741 0.250 
55063.772160 61.97491798625824799274 0.00000000286582024258 -199545.475934 3.644286 2.129052 0.071836 0.000000 0.000000 55048.765062 55093.861173 5 53.458 0.224 
55075.336037 61.97471863142301629068 0.00000000235866802084 -199511.288304 3.693326 2.129052 0.071836 0.000000 0.000000 55052.308264 55106.586446 5 71.182 0.335 
55091.462947 61.97444065638729426837 0.00000000112578691659 -199484.786201 1.482061 2.129052 0.071836 0.000000 0.000000 55055.811894 55132.944817 5 68.017 0.473 
55107.622028 61.97416216670463740002 0.00000000182490219644 -199456.126304 2.355884 2.129052 0.071836 0.000000 0.000000 55068.111407 55136.609298 5 79.410 0.620 
55123.267133 61.97389257077864499479 0.00000000105195092591 -199436.852416 1.667800 2.129052 0.071836 0.000000 0.000000 55093.859173 55146.338929 5 25.614 0.061 
55135.078813 61.97368904352727270179 0.00000000257130161296 -199420.395980 3.013579 2.129052 0.071836 0.000000 0.000000 55106.584446 55152.919575 5 60.235 0.414 
55157.572456 61.97330155117030869860 0.00000000323371708299 -199360.636216 5.111170 2.129052 0.071836 0.000000 0.000000 55132.942817 55181.662030 9 181.989 2.258 
55181.661030 61.97288666439729354352 0.00000000369474796096 -199322.838053 0.594558 2.129052 0.071836 0.000000 0.000000 55044.777702 55181.662030 16 193.400 1.709 
55185.440252 61.97283449194616622435 0.00000000494543938034 -199540.326176 1.257664 0.728744 0.225790 0.000000 0.000000 55185.439252 55275.381210 9 124.664 0.930 
55224.823124 61.97215556222488430649 0.00000000124301190123 -199515.529332 1.257664 0.728744 0.225790 0.000000 0.000000 55185.439252 55275.381210 9 124.666 0.930 
55275.380210 61.97128412153852394795 0.00000000508149395429 -199483.696810 1.257664 0.728744 0.225790 0.000000 0.000000 55185.439252 55275.381210 9 124.668 0.930 
55284.265751 61.97116499958754332056 0.00000000471922938736 -199541.999613 0.693872 0.561695 0.060665 0.000000 0.000000 55284.264751 55444.835189 16 311.588 4.105 
55300.064348 61.97089261723627373613 0.00000000582000319365 -199619.515082 14.552531 0.561695 0.060665 0.000000 0.000000 55284.264751 55313.329088 6 125.254 1.226 
55303.224067 61.97083812260518698167 0.00000001133703507054 -199624.557450 32.056032 0.561695 0.060665 0.000000 0.000000 55291.192195 55313.329088 5 137.898 1.786 
55311.058841 61.97070305359624597941 0.00000002221430400422 -199486.575533 37.878106 0.561695 0.060665 0.000000 0.000000 55300.091700 55330.368061 5 259.284 7.610 
55320.075430 61.97054763740508320780 0.00000001087933227521 -199494.930739 22.057611 0.561695 0.060665 0.000000 0.000000 55304.189119 55345.176646 5 264.542 7.581 
55330.907559 61.97036091843424543413 0.00000000842905701834 -199511.404587 13.157599 0.561695 0.060665 0.000000 0.000000 55307.315236 55358.351763 5 305.086 9.463 
55341.114464 61.97018497574663342675 0.00000000018338225149 -199523.575955 0.293711 0.561695 0.060665 0.000000 0.000000 55313.327088 55358.351763 5 5.499 0.003 
55353.288752 61.96997512160494636646 0.00000000492359157582 -199501.308200 6.578874 0.561695 0.060665 0.000000 0.000000 55330.366061 55374.200523 5 75.769 0.437 
55391.282743 61.96932022162573616697 0.00000000115773496225 -199491.435484 0.998420 0.561695 0.060665 0.000000 0.000000 55345.174646 55444.835189 9 120.844 0.631 
55444.834189 61.96839727139423104063 0.00000000523787661069 -199464.075026 0.693872 0.561695 0.060665 0.000000 0.000000 55284.264751 55444.835189 16 311.602 4.105 
55457.846429 61.96818347862529208214 0.00000000506536834393 -199571.542388 2.115840 1.946000 0.680326 0.000000 0.000000 55457.845429 55516.638068 8 102.003 0.754 
55485.525544 61.96770626380914848141 0.00000000178881726802 -199525.004281 2.115840 1.946000 0.680326 0.000000 0.000000 55457.845429 55516.638068 8 102.004 0.754 
55516.637068 61.96717000379113216013 0.00000000625158638124 -199472.695115 2.115840 1.946000 0.680326 0.000000 0.000000 55457.845429 55516.638068 8 102.005 0.754 
55520.728990 61.96710704318637397137 0.00000000888475428480 -199535.652308 8.532659 0.600000 0.000000 0.000000 0.000000 55520.727990 55549.278387 7 65.165 0.292 
55534.358333 61.96687207909624817148 0.00000000262419808989 -199528.586856 8.532659 0.600000 0.000000 0.000000 0.000000 55520.727990 55549.278387 7 65.165 0.292 
55549.277387 61.96661489047978221834 0.00000001262928886105 -199520.852819 8.532659 0.600000 0.000000 0.000000 0.000000 55520.727990 55549.278387 7 65.166 0.292 
55562.542878 61.96638685295793180785 0.00000001853959637699 -199418.184993 20.698471 0.600000 0.000000 0.000000 0.000000 55562.541878 55584.438302 7 111.027 1.312 
55572.764033 61.96621074754493463388 0.00000000668035851760 -199412.886347 20.698471 0.600000 0.000000 0.000000 0.000000 55562.541878 55584.438302 7 111.027 1.312 
55584.437302 61.96600962865468176233 0.00000002281310084290 -199406.834924 20.698471 0.600000 0.000000 0.000000 0.000000 55562.541878 55584.438302 7 111.027 1.312 
55589.271977 61.96593166101336436213 0.00000005186819212822 -199580.204634 48.761243 0.600000 0.000000 0.000000 0.000000 55589.270977 55610.522193 6 195.577 4.361 
55600.138660 61.96574428151585323121 0.00000001666744680316 -199574.571345 48.761243 0.600000 0.000000 0.000000 0.000000 55589.270977 55610.522193 6 195.578 4.361 
55610.521193 61.96556525539442361605 0.00000004345812628025 -199569.189040 48.761243 0.600000 0.000000 0.000000 0.000000 55589.270977 55610.522193 6 195.579 4.361 
55619.006007 61.96544704068246289808 0.00000000347672648208 -199592.235497 0.471850 0.879630 0.049437 0.000000 0.000000 55619.005007 55786.061511 16 276.315 3.378 
55630.843581 61.96524292689721846727 0.00000000328040192564 -199623.344731 10.133802 0.879630 0.049437 0.000000 0.000000 55619.005007 55645.067030 5 64.699 0.413 
55638.852935 61.96510479209931787636 0.00000000295296590369 -199578.925064 6.648506 0.879630 0.049437 0.000000 0.000000 55627.372627 55659.053780 5 50.275 0.144 
55648.076738 61.96494573968839603140 0.00000000253630126332 -199578.837646 3.949170 0.879630 0.049437 0.000000 0.000000 55631.186450 55673.493642 5 58.509 0.170 
55659.062278 61.96475632678000522446 0.00000000434860345702 -199560.772946 6.270356 0.879630 0.049437 0.000000 0.000000 55631.583789 55686.116146 5 150.747 1.019 
55672.965301 61.96451661282966227873 0.00000000302027773526 -199550.639910 5.897128 0.879630 0.049437 0.000000 0.000000 55645.065030 55701.100904 5 144.514 1.038 
55684.172075 61.96432339878428052771 0.00000000578524683341 -199545.953932 11.751714 0.879630 0.049437 0.000000 0.000000 55659.051780 55701.100904 5 152.344 0.990 
55695.408307 61.96412969141342585999 0.00000000716621237626 -199532.457745 10.691905 0.879630 0.049437 0.000000 0.000000 55673.491642 55715.234939 5 152.673 1.181 
55736.227915 61.96342603053233943911 0.00000000204264006277 -199506.479032 1.825341 0.879630 0.049437 0.000000 0.000000 55686.114146 55786.061511 9 200.519 2.433 
55786.060511 61.96256714056595882312 0.00000000355169210745 -199465.273982 0.471850 0.879630 0.049437 0.000000 0.000000 55619.005007 55786.061511 16 276.328 3.378 
55794.734582 61.96241566168798442504 0.00000002473980515583 -199433.959332 22.059777 0.600000 0.000000 0.000000 0.000000 55794.733582 55818.558005 5 88.958 0.739 
55805.169770 61.96223585441185122136 0.00000000633874862744 -199428.549730 22.059777 0.600000 0.000000 0.000000 0.000000 55794.733582 55818.558005 5 88.958 0.739 
55818.557005 61.96200518798151080091 0.00000002156499319001 -199421.609788 22.059777 0.600000 0.000000 0.000000 0.000000 55794.733582 55818.558005 5 88.958 0.739 
55822.951454 61.96195083703403838626 0.00000000529211978997 -199593.376395 1.132210 1.050624 0.180171 0.000000 0.000000 55822.950454 55926.922816 11 200.446 2.205 
55830.939927 61.96181309389112357167 0.00000000824124334904 -199594.742659 22.807449 1.050624 0.180171 0.000000 0.000000 55822.950454 55843.768692 5 69.677 0.419 
55837.696308 61.96169657786142437317 0.00000000405917010228 -199597.543061 8.726646 1.050624 0.180171 0.000000 0.000000 55827.059844 55856.734359 5 61.178 0.452 
55872.480765 61.96109680603608893534 0.00000000275196081317 -199547.872611 1.894647 1.050624 0.180171 0.000000 0.000000 55830.109240 55926.922816 9 221.544 2.717 
55926.921816 61.96015830579237615439 0.00000000528838113893 -199498.998448 1.132210 1.050624 0.180171 0.000000 0.000000 55822.950454 55926.922816 11 200.452 2.205 
