58183.513614 61.92160652154237965306 0.00000000357770838565 -199743.133477 13.367168 0.563576 0.000000 0.000000 0.000000 58161.978005 58349.764413 6 135.267 9.539 
58190.311404 61.92148921489827273490 0.00000000461849457983 -199719.451522 10.007011 0.563576 0.000000 0.000000 0.000000 58161.978005 58349.764413 6 78.403 3.282 
58196.530028 61.92138191788295387141 0.00000000416533091568 -199702.153798 5.138970 0.563576 0.000000 0.000000 0.000000 58161.978005 58349.764413 6 38.790 0.725 
58208.493311 61.92117546510892367451 0.00000000485709750801 -199731.332519 6.097410 0.563576 0.000000 0.000000 0.000000 58161.978005 58349.764413 7 74.019 2.178 
58210.312626 61.92114406131643278286 0.00000000577330806612 -199719.539067 7.919862 0.563576 0.000000 0.000000 0.000000 58161.978005 58349.764413 6 56.102 1.428 
58215.392199 61.92105640912445352342 0.00000000446999162241 -199715.087167 11.478247 0.563576 0.000000 0.000000 0.000000 58161.978005 58349.764413 6 59.193 1.403 
58226.172236 61.92087039825599248388 0.00000000114734139725 -199706.918614 0.935755 0.563576 0.000000 0.000000 0.000000 58161.978005 58349.764413 6 39.256 0.705 
58236.922537 61.92068490809436553945 0.00000000045039034716 -199702.108448 0.645554 0.563576 0.000000 0.000000 0.000000 58161.978005 58349.764413 6 26.318 0.311 
58251.625878 61.92043121465978572360 0.00000000081029414433 -199698.117476 0.746360 0.563576 0.000000 0.000000 0.000000 58161.978005 58349.764413 6 56.235 1.363 
58274.044268 61.92004442057599788996 0.00000000071241040491 -199687.946773 0.567043 0.563576 0.000000 0.000000 0.000000 58161.978005 58349.764413 6 36.008 0.615 
58291.500782 61.91974324711685540024 0.00000000216065916588 -199679.314748 4.061786 0.563576 0.000000 0.000000 0.000000 58161.978005 58349.764413 6 70.903 2.132 
58298.870811 61.91961609232230756561 0.00000000473835645296 -199680.608455 5.974537 0.563576 0.000000 0.000000 0.000000 58161.978005 58349.764413 6 112.274 5.025 
58318.478830 61.91927782344035335882 0.00000000258961715746 -199666.627144 2.951674 0.563576 0.000000 0.000000 0.000000 58161.978005 58349.764413 9 107.718 3.974 
58389.016567 61.91806851865921146327 0.00000000060558115468 -199747.636799 1.810265 5.946108 0.000000 0.000000 0.000000 58374.374065 58423.325548 6 10.862 0.050 
58393.368508 61.91799341644543375196 0.00000000022746258387 -199729.185952 1.536104 5.946108 0.000000 0.000000 0.000000 58374.374065 58423.325548 6 5.246 0.012 
58404.926611 61.91779400628296770037 0.00000000073450559106 -199656.003339 1.346949 5.946108 0.000000 0.000000 0.000000 58374.374065 58423.325548 9 30.161 0.314 
58451.521511 61.91701537575069380637 0.00000000535913638080 -199780.187069 13.078625 0.812868 0.000000 0.000000 0.000000 58423.845883 58565.530115 6 235.228 23.133 
58459.976041 61.91686945133827890686 0.00000000768044742382 -199758.732551 12.927246 0.812868 0.000000 0.000000 0.000000 58423.845883 58565.530115 6 194.861 16.398 
58468.028357 61.91673049378710658175 0.00000001064803167803 -199745.825620 14.151080 0.812868 0.000000 0.000000 0.000000 58423.845883 58565.530115 6 229.840 23.335 
58490.166604 61.91634845082940330485 0.00000000652543215803 -199726.117848 9.120216 0.812868 0.000000 0.000000 0.000000 58423.845883 58565.530115 6 200.352 18.841 
58518.736141 61.91585546839242937267 0.00000000146380017101 -199709.064507 1.404659 0.812868 0.000000 0.000000 0.000000 58423.845883 58565.530115 9 160.142 9.015 
58602.204392 61.91442437720645841637 0.00000000159722694151 -199739.482706 1.994383 1.000000 0.000000 0.000000 0.000000 58566.642292 58637.586589 7 82.310 2.192 
58672.900827 61.91323123947624651464 0.00000000192053633244 -199771.033007 1.923056 0.880085 0.000000 0.000000 0.000000 58644.539104 58805.536251 6 74.009 2.263 
58686.103295 61.91300337068051362621 0.00000000241624203122 -199751.715650 2.871418 0.880085 0.000000 0.000000 0.000000 58644.539104 58805.536251 6 76.437 2.912 
58699.847117 61.91276617939463733364 0.00000000114509022398 -199735.310641 1.978758 0.880085 0.000000 0.000000 0.000000 58644.539104 58805.536251 6 40.129 0.767 
58710.028185 61.91259047864895137536 0.00000000194466427990 -199735.148437 2.568673 0.880085 0.000000 0.000000 0.000000 58644.539104 58805.536251 6 79.796 3.245 
58725.094695 61.91233047910817077764 0.00000000167152401809 -199731.259255 3.445871 0.880085 0.000000 0.000000 0.000000 58644.539104 58805.536251 6 45.459 1.003 
58734.023432 61.91217639573283548771 0.00000000375857885285 -199728.788537 8.291899 0.880085 0.000000 0.000000 0.000000 58644.539104 58805.536251 6 92.092 3.674 
58741.980848 61.91203908949067624690 0.00000000327586572778 -199712.504259 5.318705 0.880085 0.000000 0.000000 0.000000 58644.539104 58805.536251 6 110.417 5.298 
58768.586553 61.91158001949253275598 0.00000000201440002034 -199693.765199 2.165714 0.880085 0.000000 0.000000 0.000000 58644.539104 58805.536251 9 150.927 8.022 
58832.588001 61.91048309529233506510 0.00000000338721301717 -199762.862371 6.175960 5.755834 0.000000 0.000000 0.000000 58807.890592 58868.598942 6 85.127 3.611 
58895.485980 61.90942171352966738596 0.00000000376506445708 -199797.234049 5.572897 1.057609 0.000000 0.000000 0.000000 58871.516913 58991.179947 6 130.513 10.079 
58906.220863 61.90923640972254560211 0.00000000169699470041 -199770.043006 3.701282 1.057609 0.000000 0.000000 0.000000 58871.516913 58991.179947 6 40.679 0.903 
58914.267828 61.90909751952858641744 0.00000000338802142267 -199766.088643 7.617835 1.057609 0.000000 0.000000 0.000000 58871.516913 58991.179947 6 47.224 0.816 
58919.449435 61.90900809681829741749 0.00000000281072867618 -199746.961524 5.612150 1.057609 0.000000 0.000000 0.000000 58871.516913 58991.179947 6 53.509 1.150 
58929.588069 61.90883311029013214011 0.00000000449141325085 -199752.939135 5.980311 1.057609 0.000000 0.000000 0.000000 58871.516913 58991.179947 7 106.292 4.957 
58931.673199 61.90879711716622324502 0.00000000934830877331 -199743.226651 11.547486 1.057609 0.000000 0.000000 0.000000 58871.516913 58991.179947 6 109.461 5.436 
58937.553953 61.90869562350176380505 0.00000001041164983726 -199721.280030 27.482984 1.057609 0.000000 0.000000 0.000000 58871.516913 58991.179947 6 97.047 4.766 
58942.668653 61.90860736127736885237 0.00000000372718468842 -199724.309700 36.451238 1.057609 0.000000 0.000000 0.000000 58871.516913 58991.179947 6 107.346 6.790 
58960.726682 61.90829573026556431614 0.00000000118690428062 -199729.772892 1.576666 1.057609 0.000000 0.000000 0.000000 58871.516913 58991.179947 9 80.770 2.308 
59010.770347 61.90743263096018011993 0.00000000328610480862 -199698.625516 9.526304 1.000000 0.000000 0.000000 0.000000 58995.604045 59025.202037 6 77.953 2.702 
59017.021490 61.90732477543452461077 0.00000000311143894597 -199696.386374 5.035804 1.000000 0.000000 0.000000 0.000000 58996.374459 59033.110902 6 72.731 2.014 
59031.547422 61.90707414102654126964 0.00000000575278077441 -199695.132666 10.795654 1.000000 0.000000 0.000000 0.000000 59010.225818 59046.271496 9 181.572 9.654 
59063.613466 61.90652922669485036522 0.00000000061453159839 -199807.967418 2.287152 3.640483 0.000000 0.000000 0.000000 59050.446953 59098.751877 6 14.209 0.101 
59077.113122 61.90629621903475765521 0.00000000117868784767 -199749.722122 2.106792 3.640483 0.000000 0.000000 0.000000 59050.446953 59098.751877 9 66.489 1.641 
59119.318776 61.90560169698554915385 0.00000000240042280669 -199845.080298 43.810123 0.595442 0.000000 0.000000 0.000000 59107.716473 59283.383984 6 53.550 1.412 
59124.781227 61.90550738961327681409 0.00000000258800475686 -199825.288484 7.821493 0.595442 0.000000 0.000000 0.000000 59107.716473 59283.383984 6 48.000 1.298 
59129.288693 61.90542957396648660051 0.00000000631374136821 -199808.703449 11.487438 0.595442 0.000000 0.000000 0.000000 59107.716473 59283.383984 6 67.432 2.568 
59136.419000 61.90530648376799405241 0.00000000416275991168 -199798.866959 10.912249 0.595442 0.000000 0.000000 0.000000 59107.716473 59283.383984 7 64.819 2.084 
59137.766966 61.90528321516148935189 0.00000000572124750431 -199800.053453 15.563571 0.595442 0.000000 0.000000 0.000000 59107.716473 59283.383984 6 69.874 2.741 
59144.555590 61.90516603155778341261 0.00000000398377581912 -199785.572449 9.133568 0.595442 0.000000 0.000000 0.000000 59107.716473 59283.383984 7 78.080 2.702 
59146.085645 61.90513961792041186527 0.00000000404153369798 -199779.938833 9.646999 0.595442 0.000000 0.000000 0.000000 59107.716473 59283.383984 6 73.482 2.465 
59150.630101 61.90506117745826486498 0.00000000262795180760 -199781.287674 7.146946 0.595442 0.000000 0.000000 0.000000 59107.716473 59283.383984 6 59.722 1.536 
59155.314553 61.90498031949336166235 0.00000000203323187438 -199783.609219 4.997885 0.595442 0.000000 0.000000 0.000000 59107.716473 59283.383984 6 42.062 0.746 
59161.558528 61.90487255258845777917 0.00000000403764920421 -199751.928451 16.033384 0.595442 0.000000 0.000000 0.000000 59107.716473 59283.383984 6 54.845 1.286 
59165.572252 61.90480327067356824955 0.00000000715091727626 -199759.364463 14.253549 0.595442 0.000000 0.000000 0.000000 59107.716473 59283.383984 6 60.607 1.164 
59173.107599 61.90467322731155519477 0.00000000627278703946 -199775.143156 10.463037 0.595442 0.000000 0.000000 0.000000 59107.716473 59283.383984 6 80.581 1.965 
59177.934687 61.90458991070293137682 0.00000000361949206720 -199776.640691 11.300931 0.595442 0.000000 0.000000 0.000000 59107.716473 59283.383984 6 75.954 1.737 
59182.772792 61.90450640107555102531 0.00000000283572372940 -199791.942488 20.653521 0.595442 0.000000 0.000000 0.000000 59107.716473 59283.383984 6 74.223 1.530 
59186.987530 61.90443363346529537239 0.00000000399510633170 -199840.841393 13.543142 0.595442 0.000000 0.000000 0.000000 59107.716473 59283.383984 6 34.294 0.296 
59193.466950 61.90432181753583051886 0.00000000258777725977 -199759.557193 4.631019 0.595442 0.000000 0.000000 0.000000 59107.716473 59283.383984 6 64.311 1.301 
59204.533858 61.90413081136827599948 0.00000000314407512600 -199739.323033 7.173181 0.595442 0.000000 0.000000 0.000000 59107.716473 59283.383984 7 76.342 1.989 
59206.484062 61.90409715665926881911 0.00000000364636497814 -199739.826231 8.699347 0.595442 0.000000 0.000000 0.000000 59107.716473 59283.383984 6 77.283 2.486 
59210.903744 61.90402088553467052634 0.00000000359391874712 -199740.774961 9.024251 0.595442 0.000000 0.000000 0.000000 59107.716473 59283.383984 6 69.387 2.175 
59218.281750 61.90389355466189158506 0.00000000380796987825 -199748.633840 13.144461 0.595442 0.000000 0.000000 0.000000 59107.716473 59283.383984 6 77.640 2.512 
59222.344636 61.90382343802327369531 0.00000000193659032773 -199754.817761 7.147202 0.595442 0.000000 0.000000 0.000000 59107.716473 59283.383984 6 41.674 0.707 
59226.299004 61.90375519027543305128 0.00000000157525302779 -199745.889329 3.872662 0.595442 0.000000 0.000000 0.000000 59107.716473 59283.383984 6 20.777 0.153 
59248.282819 61.90337580379313919821 0.00000000032067319910 -199735.121772 0.339826 0.595442 0.000000 0.000000 0.000000 59107.716473 59283.383984 9 18.648 0.144 
59314.718414 61.90223706840268391716 0.00000000209148702880 -199792.152004 2.468315 0.713776 0.000000 0.000000 0.000000 59286.910466 59342.249694 6 78.049 3.172 
59334.933229 61.90188813058429673220 0.00000000262683205313 -199779.843341 2.710197 0.713776 0.000000 0.000000 0.000000 59301.499447 59349.892461 9 85.759 2.206 
59360.655256 61.90145636317454602704 0.00000000718498283952 -199804.162492 11.912821 1.633055 0.000000 0.000000 0.000000 59352.577614 59378.589017 8 100.031 3.137 
59361.809205 61.90143644987426796433 0.00000000916135522062 -199814.158680 15.868206 1.633055 0.000000 0.000000 0.000000 59353.942007 59378.589017 7 93.644 3.029 
59363.120404 61.90141382200550879134 0.00000001297893558944 -199827.990449 25.074583 1.633055 0.000000 0.000000 0.000000 59356.651003 59378.589017 6 88.799 3.283 
59368.594220 61.90131931974234191784 0.00000000613531934453 -199838.378723 11.440607 1.633055 0.000000 0.000000 0.000000 59358.785357 59389.493896 6 82.195 2.948 
59373.712310 61.90123095107847461804 0.00000000246483203217 -199827.123821 10.194068 1.633055 0.000000 0.000000 0.000000 59360.533039 59389.493896 6 69.035 2.209 
59380.450029 61.90111462746865811368 0.00000000193740942908 -199818.773876 4.036582 1.633055 0.000000 0.000000 0.000000 59361.758331 59400.959355 6 65.084 1.770 
59387.402884 61.90099460012443444157 0.00000000321069182029 -199806.265665 4.776724 1.633055 0.000000 0.000000 0.000000 59362.405680 59403.475460 6 87.291 3.095 
59396.494658 61.90083765166443896533 0.00000000634147224505 -199783.732623 13.309548 1.633055 0.000000 0.000000 0.000000 59378.589017 59405.490864 6 88.237 3.101 
59414.160431 61.90053274417404338692 0.00000000207680326226 -199755.979518 2.590831 1.633055 0.000000 0.000000 0.000000 59389.493896 59446.649726 9 110.809 3.379 
59479.351669 61.89942408987671029763 0.00000000243096935946 -199835.321199 4.631511 1.000000 0.000000 0.000000 0.000000 59461.482365 59518.400054 6 65.788 3.123 
59553.251423 61.89817025571184672117 0.00000000483743807868 -199860.098302 5.919274 0.798489 0.000000 0.000000 0.000000 59529.559005 59560.469169 6 27.608 0.332 
59565.248138 61.89796313703003960427 0.00000000333618978081 -199794.477047 6.062172 0.798489 0.000000 0.000000 0.000000 59556.102133 59584.405202 14 79.656 1.499 
59565.951677 61.89795099333635874927 0.00000000412441834992 -199795.528785 7.527258 0.798489 0.000000 0.000000 0.000000 59557.826197 59584.405202 13 82.898 1.626 
59566.628800 61.89793930523042320146 0.00000000542739237187 -199796.043169 9.883386 0.798489 0.000000 0.000000 0.000000 59559.449900 59584.405202 12 87.711 1.801 
59567.281427 61.89792803873843496376 0.00000000601595434826 -199794.578126 11.481117 0.798489 0.000000 0.000000 0.000000 59560.469169 59584.405202 11 90.104 2.014 
59567.962653 61.89791628190287298139 0.00000000712427716681 -199798.696860 14.028984 0.798489 0.000000 0.000000 0.000000 59561.635077 59584.405202 10 92.793 2.181 
59568.665717 61.89790414302418497527 0.00000000744392221404 -199794.279968 15.718300 0.798489 0.000000 0.000000 0.000000 59562.489462 59584.405202 9 92.559 2.364 
59569.437749 61.89789082455439483965 0.00000000721914389366 -199809.969952 15.855918 0.798489 0.000000 0.000000 0.000000 59563.441587 59584.405202 8 78.153 1.677 
59572.227098 61.89784266985114413728 0.00000000603099671492 -199812.502120 17.912833 0.798489 0.000000 0.000000 0.000000 59564.484128 59585.756380 8 82.477 1.789 
59573.333237 61.89782357632013543025 0.00000000600136934666 -199819.866782 21.653472 0.798489 0.000000 0.000000 0.000000 59565.589134 59585.756380 7 82.116 1.960 
59578.371749 61.89773659176181297426 0.00000000208968927825 -199820.573783 3.447449 0.798489 0.000000 0.000000 0.000000 59566.493148 59600.858720 7 51.293 0.885 
59580.351516 61.89770240968457670760 0.00000000178276300339 -199816.009911 3.048766 0.798489 0.000000 0.000000 0.000000 59567.391550 59600.858720 6 37.531 0.503 
59585.929378 61.89760611470214968222 0.00000000088116277544 -199814.501003 2.436365 0.798489 0.000000 0.000000 0.000000 59569.852156 59600.858720 6 23.782 0.246 
59593.060598 61.89748300540315284479 0.00000000083857187584 -199801.068632 1.554021 0.798489 0.000000 0.000000 0.000000 59573.845089 59612.639475 6 22.994 0.263 
59603.488824 61.89730299157790227582 0.00000000108569251903 -199784.998751 2.048413 0.798489 0.000000 0.000000 0.000000 59584.405202 59624.633694 6 32.718 0.537 
59610.528333 61.89718148285496823746 0.00000000134401808774 -199778.368878 2.084872 0.798489 0.000000 0.000000 0.000000 59585.756380 59626.642255 6 38.039 0.814 
59622.414887 61.89697630255123783627 0.00000000293735702522 -199783.768685 4.226818 0.798489 0.000000 0.000000 0.000000 59600.858720 59645.081482 6 87.778 3.753 
59634.216960 61.89677258644088908568 0.00000000132002330478 -199783.821588 2.772932 0.798489 0.000000 0.000000 0.000000 59612.639475 59651.223374 6 43.755 0.869 
59654.614324 61.89642052920014947404 0.00000000186819423768 -199756.493786 2.127375 0.798489 0.000000 0.000000 0.000000 59624.633694 59686.288869 9 122.936 4.056 
59710.349924 61.89546437108967325003 0.00000001019046317952 -199815.617927 24.832273 1.000000 0.000000 0.000000 0.000000 59696.920055 59717.048085 8 116.299 4.032 
59717.046376 61.89534876839604748966 0.00000000428443533825 -199793.060426 8.330234 1.000000 0.000000 0.000000 0.000000 59707.433978 59735.427144 11 94.641 2.323 
59766.198863 61.89451550963311632358 0.00000001128535696038 -199886.586878 16.462872 1.556229 0.000000 0.000000 0.000000 59745.672730 59774.170103 6 107.728 4.654 
59775.957345 61.89434701643651237646 0.00000000520039776752 -199808.499610 7.483312 1.556229 0.000000 0.000000 0.000000 59765.146967 59798.286636 6 76.867 2.429 
59781.480624 61.89425167135481586911 0.00000000579971310703 -199812.053940 15.735341 1.556229 0.000000 0.000000 0.000000 59770.107118 59798.286636 6 74.288 2.030 
59787.415397 61.89414921448571504925 0.00000000245241439481 -199818.035152 10.038861 1.556229 0.000000 0.000000 0.000000 59771.989143 59805.715759 6 80.097 2.364 
59796.589517 61.89399082912891003616 0.00000000206986604188 -199813.380046 2.574364 1.556229 0.000000 0.000000 0.000000 59774.170103 59827.033860 6 87.714 2.771 
59806.313086 61.89382296796451754517 0.00000000063706640402 -199803.365325 0.876483 1.556229 0.000000 0.000000 0.000000 59776.044106 59832.511519 6 31.209 0.402 
59820.676727 61.89357502014197365270 0.00000000202105378444 -199786.670834 4.163092 1.556229 0.000000 0.000000 0.000000 59798.286636 59833.478725 6 38.573 0.668 
59826.800260 61.89346932049316762914 0.00000000360665010751 -199778.481203 5.331728 1.556229 0.000000 0.000000 0.000000 59805.715759 59835.027838 6 38.167 0.668 
59838.246505 61.89327176179855882765 0.00000000186402610313 -199747.252227 5.080117 1.556229 0.000000 0.000000 0.000000 59827.033860 59852.565096 8 40.808 0.589 
59839.848312 61.89324411640723866412 0.00000000262289287229 -199740.413671 8.547274 1.556229 0.000000 0.000000 0.000000 59832.511519 59852.565096 7 41.321 0.655 
59843.008005 61.89318958991889019217 0.00000000260210662735 -199715.095643 9.596172 1.556229 0.000000 0.000000 0.000000 59833.478725 59854.629373 7 52.079 0.935 
59847.016941 61.89312040457441810304 0.00000000459699313835 -199747.013438 13.070457 1.556229 0.000000 0.000000 0.000000 59835.027838 59861.541276 7 107.764 3.899 
59849.015125 61.89308592260860564238 0.00000000579962731122 -199754.971347 19.311187 1.556229 0.000000 0.000000 0.000000 59837.936102 59861.541276 6 106.223 4.313 
59862.264583 61.89285728046862544716 0.00000000347374141742 -199716.800985 7.132071 1.556229 0.000000 0.000000 0.000000 59843.292456 59881.602582 9 153.885 5.777 
59900.186413 61.89222714342778886021 0.00000000373077550671 -199870.799607 7.461287 0.845892 0.000000 0.000000 0.000000 59889.450072 59917.360889 6 59.460 1.965 
59904.838216 61.89214681127244688241 0.00000000442129242464 -199860.208600 19.043910 0.845892 0.000000 0.000000 0.000000 59895.575350 59917.360889 6 59.528 1.862 
59909.630781 61.89206405250458686851 0.00000000208965317136 -199869.486293 8.253585 0.845892 0.000000 0.000000 0.000000 59896.608418 59924.330739 6 55.829 1.719 
59916.438001 61.89194650292175481354 0.00000000182768024599 -199867.179880 4.330172 0.845892 0.000000 0.000000 0.000000 59898.797437 59930.481886 6 37.712 0.825 
59922.998018 61.89183323229703859170 0.00000000287254474753 -199840.984837 4.957860 0.845892 0.000000 0.000000 0.000000 59903.326314 59938.157542 6 57.419 1.881 
59931.354590 61.89168895301315842516 0.00000000237162628995 -199814.582751 7.315255 0.845892 0.000000 0.000000 0.000000 59917.360889 59939.638943 6 36.268 0.713 
59939.326333 61.89155131967520873104 0.00000000209458472251 -199822.085562 5.868835 0.845892 0.000000 0.000000 0.000000 59924.330739 59951.674445 6 51.538 1.321 
59944.044826 61.89146985481980323129 0.00000000157063352828 -199837.898055 5.593620 0.845892 0.000000 0.000000 0.000000 59930.481886 59952.641697 6 28.023 0.330 
59949.909071 61.89136861183617810411 0.00000000196200362985 -199814.151794 7.169938 0.845892 0.000000 0.000000 0.000000 59938.157542 59960.253301 6 34.946 0.469 
59953.591698 61.89130503535675842386 0.00000000228128029866 -199806.958510 5.700735 0.845892 0.000000 0.000000 0.000000 59939.638943 59960.253301 6 27.412 0.271 
59959.906860 61.89119601490390465415 0.00000000384851417408 -199821.557971 8.143811 0.845892 0.000000 0.000000 0.000000 59951.674445 59975.847969 6 52.257 0.994 
59963.935781 61.89112645985909466617 0.00000000203849460209 -199825.761814 7.180332 0.845892 0.000000 0.000000 0.000000 59952.641697 59975.847969 6 38.194 0.531 
59969.328742 61.89103334685639623558 0.00000000159828624076 -199845.953642 9.809481 0.845892 0.000000 0.000000 0.000000 59957.088499 59980.423715 6 36.653 0.602 
59974.616284 61.89094207695034555172 0.00000000552534516946 -199773.443743 14.675380 0.845892 0.000000 0.000000 0.000000 59960.253301 59988.813750 6 126.928 8.052 
59981.580822 61.89082185649330369870 0.00000000750003260779 -199780.328223 14.526083 0.845892 0.000000 0.000000 0.000000 59961.935252 59993.650494 6 142.229 10.276 
59989.932825 61.89067766646145685172 0.00000000715120147801 -199826.946148 23.464493 0.845892 0.000000 0.000000 0.000000 59975.847969 60000.430512 6 149.723 11.531 
59995.575335 61.89058026282133084806 0.00000000650858678855 -199815.524915 15.447053 0.845892 0.000000 0.000000 0.000000 59980.423715 60009.703029 6 143.506 10.647 
60010.259974 61.89032679151323179667 0.00000000142706314591 -199761.015319 3.115468 0.845892 0.000000 0.000000 0.000000 59988.813750 60026.876713 9 58.367 1.414 
60049.492011 61.88968363836455210958 0.00000000196069152559 -199928.097720 2.995507 0.582368 0.000000 0.000000 0.000000 60028.752961 60070.640879 6 65.602 1.434 
60059.932948 61.88950328738548023466 0.00000000270234392543 -199920.104478 11.062240 0.582368 0.000000 0.000000 0.000000 60043.311965 60071.804808 6 68.464 1.748 
60066.111269 61.88939658258276921288 0.00000000279464903981 -199886.720442 7.425943 0.582368 0.000000 0.000000 0.000000 60051.047108 60079.217963 6 58.755 1.686 
60072.850359 61.88928019634313670849 0.00000000187639767783 -199879.211986 3.094513 0.582368 0.000000 0.000000 0.000000 60052.152047 60084.068495 6 25.945 0.344 
60082.548545 61.88911271899053900825 0.00000000234971324048 -199862.232149 4.974916 0.582368 0.000000 0.000000 0.000000 60070.640879 60100.169237 7 54.769 1.164 
60084.533155 61.88907844743193464865 0.00000000248173573006 -199858.659428 5.495490 0.582368 0.000000 0.000000 0.000000 60071.804808 60100.169237 6 50.035 1.137 
60089.260560 61.88899681460474511141 0.00000000219366155329 -199845.222805 8.949624 0.582368 0.000000 0.000000 0.000000 60079.217963 60100.169237 6 41.621 0.708 
60095.545227 61.88888829510764111319 0.00000000197308054138 -199865.181733 9.051465 0.582368 0.000000 0.000000 0.000000 60084.068495 60108.547601 6 45.701 0.653 
60100.691239 61.88879943968984775893 0.00000000342697309909 -199846.095011 9.842778 0.582368 0.000000 0.000000 0.000000 60085.678124 60114.944567 6 76.500 1.781 
60109.015375 61.88865571048810920729 0.00000000193608608342 -199840.521974 2.338282 0.582368 0.000000 0.000000 0.000000 60086.260305 60135.622941 6 58.809 1.000 
60125.086051 61.88837823793742387579 0.00000000115606591989 -199828.860550 1.807668 0.582368 0.000000 0.000000 0.000000 60100.169237 60155.609023 6 53.161 0.721 
60135.821924 61.88819288192861733933 0.00000000122892849591 -199826.994295 2.284124 0.582368 0.000000 0.000000 0.000000 60108.547601 60164.584469 6 64.893 1.122 
60168.748812 61.88762441608716358132 0.00000000060926314749 -199811.977983 0.397629 0.582368 0.000000 0.000000 0.000000 60114.944567 60220.287378 9 62.433 0.827 
60238.337798 61.88644431796645761779 0.00000000329037727724 -199951.146163 9.892634 1.117212 0.000000 0.000000 0.000000 60224.938139 60245.328984 6 40.074 0.000 
60255.850189 61.88614187776443031908 0.00000000077013968603 -199875.049698 1.086413 1.117212 0.000000 0.000000 0.000000 60231.914202 60287.670735 6 23.042 0.000 
60266.231804 61.88596260050630348815 0.00000000004183901794 -199859.470715 0.180955 1.117212 0.000000 0.000000 0.000000 60240.354733 60294.203891 6 2.399 0.000 
60275.461570 61.88580322825321644586 0.00000000143951145243 -199847.622205 2.050622 1.117212 0.000000 0.000000 0.000000 60242.161745 60295.733328 6 31.885 0.000 
60285.445804 61.88563083532807951315 0.00000000171381953722 -199838.439262 1.290523 1.117212 0.000000 0.000000 0.000000 60245.328984 60302.067150 6 31.829 0.000 
60308.510971 61.88523259525987185725 0.00000000121035918626 -199831.318591 2.006528 1.117212 0.000000 0.000000 0.000000 60287.670735 60335.695362 6 34.760 0.000 
60327.931742 61.88489730567653168691 0.00000000069903892296 -199809.957519 0.902304 1.117212 0.000000 0.000000 0.000000 60294.203891 60357.458037 9 45.496 0.000 
60445.624715 61.88289672944365804597 0.00000000215503578898 -199849.138068 1.507804 0.781009 0.000000 0.000000 0.000000 60401.221274 60502.678740 6 168.821 8.054 
60640.688316 61.87955994162074802034 0.00000000418400457834 -199898.744086 3.392292 0.748394 0.000000 0.000000 0.000000 60600.455165 60666.400771 6 149.301 10.194 
60689.433322 61.87871809465079309120 0.00000000101952623128 -199872.653976 0.777797 0.748394 0.000000 0.000000 0.000000 60637.625511 60753.106270 9 133.910 6.407 
